//////////////////////////////////////////////////////////////////////
//                                                                  //
//    ██████╗ ███████╗ █████╗  ██████╗████████╗ ██████╗ ██████╗     //
//    ██╔══██╗██╔════╝██╔══██╗██╔════╝╚══██╔══╝██╔═══██╗██╔══██╗    //
//    ██████╔╝█████╗  ███████║██║        ██║   ██║   ██║██████╔╝    //
//    ██╔══██╗██╔══╝  ██╔══██║██║        ██║   ██║   ██║██╔══██╗    //
//    ██║  ██║███████╗██║  ██║╚██████╗   ██║   ╚██████╔╝██║  ██║    //
//    ╚═╝  ╚═╝╚══════╝╚═╝  ╚═╝ ╚═════╝   ╚═╝    ╚═════╝ ╚═╝  ╚═╝    //
//                                                                  //
//                         A FALLOUT4 ENB                           //
//                                                                  //
///// MOD PAGE ///////////////////////////////////////////////////////
//                                                                  //
//    https://www.nexusmods.com/fallout4/mods/57321                 //
//                                                                  //
//////////////////////////////////////////////////////////////////////
//                                                                  //
//            C O L O R   S P A C E   T R A N S F O R M             //
//                                                                  //
//////////////////////////////////////////////////////////////////////



///// MATRIXES ///////////////////////////////////////////////////////
//////////////////////////////////////////////////////////////////////

///// VANILLA ////////////////////////////////////////////////////////

#if E_COLORSPACE==0

    #define COLORSPACE_TYPE Vanilla

    static const float3x3 ColorInputMat =
    {
        { 1.00,  0.00,  0.00 },
        { 0.00,  1.00,  0.00 },
        { 0.00,  0.00,  1.00 }
    };

    static const float3x3 ColorOutputMat =
    {
        { 1.00,  0.00,  0.00 },
        { 0.00,  1.00,  0.00 },
        { 0.00,  0.00,  1.00 }
    };

///// EMISSIVE LIGHTS ////////////////////////////////////////////////

#elif E_COLORSPACE==1

    #define COLORSPACE_TYPE Emissive Lights

    static const float3x3 ColorInputMat =
    {
        { 1.00,  0.01,  0.01 },
        { 0.01,  1.00,  0.01 },
        { 0.01,  0.01,  1.00 }
    };

    static const float3x3 ColorOutputMat =
    {
        { 1.00,  0.00,  0.00 },
        { 0.00,  1.00,  0.00 },
        { 0.00,  0.00,  1.00 }
    };

///// ACES ///////////////////////////////////////////////////////////

#elif E_COLORSPACE==2

    #define COLORSPACE_TYPE ACES

    // sRGB => XYZ => D65_2_D60 => AP1 => RRT_SAT
    static const float3x3 ColorInputMat =
    {
        { 0.59719,  0.35458,  0.04823 },
        { 0.07600,  0.90834,  0.01566 },
        { 0.02840,  0.13383,  0.83777 }
    };

    // ODT_SAT => XYZ => D60_2_D65 => sRGB
    static const float3x3 ColorOutputMat =
    {
        { 1.60475, -0.53108, -0.07367 },
        {-0.10208,  1.10813, -0.00605 },
        {-0.00327, -0.07276,  1.07602 }
    };

///// AGX ////////////////////////////////////////////////////////////

#elif E_COLORSPACE==3

    #define COLORSPACE_TYPE agX

    static const float3x3 ColorInputMat = 
    {
        { 0.842479060,  0.07843360,  0.07922375 },
        { 0.042328240,  0.87846864,  0.07916613 },
        { 0.042375650,  0.07843360,  0.87914297 }
    };

    static const float3x3 ColorOutputMat = 
    {
        {  1.19687900, -0.09802088, -0.09902975 },
        { -0.05289685,  1.15190313, -0.09896118 },
        { -0.05297163, -0.09804345,  1.15107368 }
    };

///// AWG ////////////////////////////////////////////////////////////

#elif E_COLORSPACE==4

    #define COLORSPACE_TYPE AWG

	// ITU-R BT.709 to ALEXA Wide Gamut
    static const float3x3 ColorInputMat = 
    {
        {  0.63132063,  0.27080049,  0.09787880 },
        {  0.03681993,  0.79303703,  0.17014304 },
        {  0.01736988,  0.14878906,  0.83384086 }
    };

	// ALEXA Wide Gamut to ITU-R BT.709
    static const float3x3 ColorOutputMat = 
    {
        {  1.61752447, -0.53728621, -0.08023815 },
        { -0.07057271,  1.33461286, -0.26404021 },
        { -0.02110205, -0.22695361,  1.24805592 }
    };
/*	
	// ALEXA Wide Gamut to ITU-R BT.709, 90% saturation
	static const float3x3 ColorOutputMat = 
    {
        {  1.48496742, -0.40117349, -0.08379383 },
        { -0.03432004,  1.28353567, -0.24921569 },
        {  0.01020356, -0.12187415,  1.11167083 }
    };
*/
#endif